"Admin","管理員"
"Frontend","前台"