"Admin","Administrar"